11.836694,11.620267
11.882435,11.70874
11.83999,11.660171
11.769705,11.653202
11.727506,11.687441
10.931058,11.759745
11.976606,11.867169
12.058281,11.906265
12.109427,11.947666
12.073675,11.959879
12.082006,11.970679
12.016908,11.967705
12.108901,11.973075
12.127878,12.106776
12.152878,12.15037
12.13152,12.136174
12.17164,11.930838
12.214235,12.044469
12.135309,11.9971895
12.16523,11.862844
12.198027,11.860794
12.229756,11.761011
12.317464,11.651229
12.396197,11.212849
12.297225,10.794101
12.369833,10.971271
12.33755,10.561804
12.375505,11.535065
12.416271,11.628555
12.410435,11.849558
12.418169,11.985033
12.415992,11.997697
12.412376,12.14261
12.560335,12.332059
12.43577,12.285471
12.29381,12.453992
12.436141,12.438758
12.40366,12.533691
12.422098,12.586464
12.476564,12.563367
12.417253,12.427036
12.294124,12.2329035
12.347239,12.17593
12.362185,12.048501
12.383617,10.987964
12.562047,7.3282127
12.495033,4.7808824
12.544079,2.216402
12.535876,1.2000101
12.675466,1.2883407
12.769261,1.1129707
12.774022,1.4721334
12.782235,1.1003865
12.791858,4.7281938
12.729099,8.7171955
12.8270445,11.891523
12.694702,12.529101
12.278798,12.752172
12.798556,12.81385
12.890631,11.217455
12.078208,6.427531
11.877697,2.9957678
11.7628765,-1.0802922
12.070508,-0.66249907
12.216234,0.49855614
12.082276,-1.9536221
12.033717,-1.558432
12.215318,-1.4313564
12.220921,-2.4778945
12.217363,-2.413345
12.385952,-1.4881076
12.38,-1.5726424
12.360675,-1.3039612
12.410789,-1.8773899
12.416345,-1.1832439
12.479757,-0.35424057
12.447849,-0.6975342
12.502171,-1.8893343
12.550225,-2.6943061
12.524144,-1.3872821
12.457479,-1.212988
12.476679,4.4944224
12.475503,10.624695
12.460715,11.686218
12.511938,12.15348
11.163971,12.593535
12.659709,12.452714
12.77466,12.235249
12.854534,11.892011
12.858536,10.274463
12.891573,10.456732
12.880289,5.589538
12.930651,2.4487455
12.936734,-0.8166732
12.963711,-2.058196
13.0864105,-1.8216623
12.481922,-0.912982
12.39438,1.22076
12.439832,3.223805
12.450481,7.9723067
12.910258,11.973061
12.947874,12.654823
12.948167,12.7438
12.838857,12.901683
13.134933,12.883807
13.177029,12.767272
13.172631,10.873859
13.3234,5.044458
12.422279,2.4578378
12.457222,0.95562965
12.59611,0.0790031
12.612003,-0.051927764
12.55975,1.3686218
12.412258,3.1259928
12.462038,3.950054
12.450616,5.2941923
12.521425,6.392194
12.53515,6.226637
12.492629,8.199866
12.478816,8.800186
12.558123,12.039563
12.486954,12.255457
12.417089,12.1466255
12.387691,12.208748
12.362149,12.410632
12.379152,12.25275
12.414921,12.18522
12.506726,12.339551
12.485025,12.155451
12.530954,12.3930025
12.580441,12.482472
12.669908,12.325682
12.660959,12.124833
12.692709,12.016154
12.784804,11.713719
12.856472,12.370738
12.891072,12.685051
12.775873,12.818956
12.856071,12.490516
12.976475,11.19649
13.184809,5.483145
13.2690735,2.5904646
13.304794,0.8908915
13.384059,0.72309357
13.040874,0.085314535
13.28577,-0.9082029
12.380752,-2.6789715
12.391012,-2.4156384
12.400773,-2.510264
12.370849,-1.600908
12.390512,1.389913
12.444823,1.1921833
12.456038,3.652865
12.382958,7.8364396
12.408781,10.263007
12.411266,10.999379
12.459791,12.093244
12.420436,12.170004
12.362704,12.253751
12.310413,12.200368
12.33206,12.297222
12.2246475,12.352886
12.419815,12.328208
12.463687,12.506351
12.522937,12.498369
12.5393305,12.389847
12.597111,12.433628
12.615629,12.618467
12.628872,12.28289
12.658279,8.720705
12.717029,4.26878
12.858601,1.9886881
13.049412,0.052952107
12.856361,-0.5258526
13.057444,0.2524347
13.1111965,1.4497498
13.164496,0.21699731
13.235711,-0.19073704
13.226114,0.49255764
13.169324,0.87563807
13.211317,-1.2647645
13.270897,-0.3158318
12.469252,0.13466127
12.445004,5.943686
12.394485,10.891239
12.299209,12.211353
11.959188,12.202705
12.10823,11.9984455
12.221313,11.089458
12.214827,9.32622
12.402608,4.638751
12.497961,2.0630894
12.515994,1.7914556
12.645285,1.7070793
12.664112,1.4448068
12.64587,1.1910692
12.642496,0.8342336
12.596996,0.9350999
12.571193,0.4889281
12.46565,0.020351034
12.486492,-0.2752936
12.887392,12.484176
12.830204,8.879734
12.876129,7.088522
12.885658,4.28461
13.194764,2.1327934
13.180927,0.60571414
13.262506,1.9678199
13.344327,0.47780246
13.348094,-1.3851572
13.369905,-0.9078049
12.512787,-1.0421373
12.625598,0.010798867
12.614139,1.7900862
12.514826,4.3407164
12.500427,9.309196
12.388262,11.927514
12.445793,12.2263975
12.413429,12.16175
12.305578,12.186246
12.455988,11.963842
12.30748,12.026901
12.330621,12.136823
12.266199,12.239663
12.239328,12.297208
12.271883,12.075369
12.210507,12.130202
12.271244,12.24498
12.320679,12.479371
12.423191,12.574624
12.475241,12.5910015
12.5656805,12.640854
12.623385,12.735121
12.627318,12.731596
12.65785,11.993857
12.70952,6.9291544
12.712656,3.6973603
12.6310215,1.6156837
12.817796,-0.7293236
12.948609,-0.62051386
12.996808,1.619271
12.893217,0.1515406
13.145161,0.2349703
13.134426,0.31196386
13.026201,0.26761585
13.171875,-0.74415475
13.192986,-0.68459177
12.410809,-1.9909918
12.462248,0.50518167
12.475213,4.868784
12.376561,11.310356
12.155309,12.202368
12.299381,10.590785
9.707154,6.333391
12.107693,3.6788254
11.413136,-0.5469441
12.162101,-0.46483362
12.179598,-1.214688
12.280422,-1.0051788
12.599714,-0.016199235
12.688332,0.66879076
12.667152,0.20618026
12.697503,0.7216601
12.634091,1.6545231
12.618435,1.2712187
12.599765,0.08024519
12.582348,-1.2581304
12.598015,-1.900995
12.641767,-1.5666761
12.645511,-1.5448176
12.676572,-2.468748
12.727696,-3.1880941
12.737432,-2.2992623
12.859081,-0.39848527
12.804679,5.4541645
12.909463,12.257665
11.97577,12.938645
13.102104,13.04874
13.015954,11.428646
13.035781,6.668315
12.686316,1.7121553
13.282486,-1.8326972
13.350281,-2.5622835
13.245388,-2.9252484
13.448564,-3.104474
12.593086,-2.8509562
12.731475,-3.4315653
12.702483,-3.3398643
12.654305,-2.3919597
12.579119,1.6770767
12.535088,3.7985702
12.443756,7.671057
12.453353,11.268633
12.442831,12.135662
12.476465,12.151603
12.464832,12.200473
12.5287695,12.396111
12.5973215,12.588458
12.603275,12.697628
12.544575,12.42545
12.56114,12.334224
12.511633,12.484282
11.862452,11.9005
12.339744,12.177318
12.454298,11.88263
12.515921,12.109269
12.501335,11.903485
12.4472475,11.492404
12.438099,9.381633
12.383796,7.624598
12.416837,7.6067533
12.366635,6.124826
12.413396,5.7913585
12.4273815,6.8605766
12.444136,6.745847
12.488159,7.9896054
12.480144,9.651987
12.547304,12.242304
12.584323,12.608741
12.651654,12.441098
12.680657,10.907764
12.721501,5.483081
12.75374,2.3644824
12.79555,0.88581777
12.752746,1.1663585
12.747189,0.39642185
13.041568,0.17201245
13.062002,1.4668643
12.952871,0.9003456
13.023008,-0.5357394
13.044791,-0.45767146
12.215423,-0.98955756
12.198445,2.1815076
12.169614,4.216937
12.166384,9.108645
12.095974,12.065514
11.847024,12.0917635
11.980255,11.521166
11.777921,7.6317277
11.890738,3.1702042
11.907911,0.41674113
12.120455,-1.0723581
12.349453,-0.7375814
12.3224,-0.5857603
12.469614,0.12338921
12.500343,-0.11322429
12.529053,0.12639087
12.477184,0.7551744
12.468587,0.87179315
12.538501,0.41947332
12.527715,-0.7020299
12.577302,-1.4039987
12.602505,-1.321098
12.618469,-1.281371
12.594587,-3.0702214
12.65144,-3.851604
12.655107,-4.1067214
12.791208,-2.564599
12.811858,0.7293224
12.86021,8.214395
12.811256,12.108651
12.866932,12.780154
4.7517166,12.928996
13.083458,13.17145
13.120281,12.780755
13.099303,9.592287
13.295668,7.011806
13.384421,2.236034
13.287884,-0.5891878
12.138012,-2.8599837
12.633957,-3.7062297
12.562863,-3.263268
12.5698395,-3.1467285
12.526823,-1.2470646
12.496651,1.3291341
12.479021,5.45263
12.395246,8.126139
12.324704,11.406012
12.360694,11.5807
12.4427805,12.008434
12.3993025,12.063315
12.388384,12.271495
12.498983,12.431588
12.525592,12.657021
12.551011,12.47719
12.479265,12.47393
12.437682,12.517528
12.476999,12.359853
12.487077,12.300586
12.531399,12.243525
12.539212,11.577869
12.61365,9.932743
12.632735,8.173083
12.753327,3.8464448
12.804231,3.6867614
12.827883,5.516706
12.82164,5.027724
12.875461,6.5226474
12.924331,7.6659403
13.003747,9.934612
13.070045,12.499836
13.178952,12.652605
13.201441,12.998832
13.134178,1.2367605
13.125886,2.6189399
13.195162,3.612252
13.244729,5.208758
13.335331,8.690308
12.522018,10.576054
12.589936,11.905669
12.555162,12.211475
12.123022,12.104386
11.746108,11.926715
12.07857,12.065181
12.3464155,11.937417
12.331886,12.113449
12.390617,12.0483
12.412738,11.528189
12.429815,10.984129
12.497675,7.379136
12.499892,7.8987327
12.487377,7.5561857
12.495489,7.064689
12.475791,6.8886557
12.450413,8.568232
12.416452,10.248567
12.461556,11.845934
12.378384,11.907862
12.394712,12.195062
12.384445,12.406862
12.449563,12.237653
12.504375,12.239574
12.540702,11.197055
12.62777,6.44031
12.692779,2.5955288
12.744748,1.0684855
12.826861,0.7980841
12.83182,0.2476309
12.889227,0.6084639
12.979325,0.10960006
13.116227,0.40788
13.197779,2.8369336
13.217446,3.5726943
13.219623,5.171866
13.220375,9.521074
13.228197,12.024742
12.282645,12.243186
12.117722,12.292895
12.274187,12.359777
12.252468,11.691002
12.246451,9.660256
12.267003,7.264461
12.249023,4.219876
12.336159,0.12676096
12.389367,-0.121762864
12.3831415,-0.36099938
12.472401,-0.13685519
12.530916,0.34790558
12.529536,0.4171301
12.497674,0.1538565
12.504713,-0.17375062
12.484656,-0.24275136
12.497068,-0.65406
12.580975,-0.77395976
12.554654,-0.9946323
12.517265,-1.2600689
12.482155,-2.7594004
12.513395,-3.160387
12.470439,-2.8797245
12.55778,-0.5356598
12.572007,2.831076
12.639452,10.625895
12.205829,12.576382
12.807698,12.680046
12.743562,8.37765
13.026698,4.5968995
13.059201,-0.7162257
13.17544,-2.6589255
13.113548,-3.469412
13.189032,-3.4796724
13.1998,-3.2578332
13.377673,-3.4835277
12.594593,-4.145627
12.604114,-3.749961
12.607185,-3.3715885
12.643195,-3.0964086
12.512871,2.2259302
12.463292,5.5202394
12.445823,9.457014
12.40216,11.885018
12.436545,12.140245
12.429663,12.248847
12.443741,12.315726
12.423981,12.481784
12.459853,12.449842
12.390678,12.327548
12.430397,12.331082
12.43189,12.383535
12.389055,12.406606
12.433151,12.340579
12.423046,12.236604
12.454608,12.211909
12.438173,12.1419115
12.460484,12.198184
11.792554,12.204017
12.344319,12.172565
12.339797,12.196539
12.419646,12.273847
12.427838,11.545815
12.459694,9.284268
12.549458,6.2894964
12.554989,6.2737703
12.5373745,5.5948215
12.535419,4.7479544
12.486452,4.4149337
12.457265,5.489013
12.443207,6.3656993
12.493349,7.372609
12.470956,7.2870345
12.481345,9.131409
12.475425,12.071253
12.482403,12.435839
12.490521,12.559558
12.55933,12.599515
12.668054,12.385049
12.771651,9.591373
12.8750105,5.27484
12.927233,2.604958
12.695227,0.62379557
13.071172,-0.530095
13.071561,-0.55214244
13.072563,-0.5226425
13.141047,0.5210112
13.226338,0.11691672
13.270806,-1.4001021
13.295895,-1.5206828
13.343,-1.5139322
12.419524,-1.5319476
12.37165,2.1555676
12.380812,6.2476854
12.259941,11.319605
12.166171,12.139377
11.901845,12.197851
12.115357,12.1818075
12.236459,12.026148
12.366589,10.643082
10.172527,5.9734254
12.38579,4.3203297
12.363399,2.79023
12.31402,2.9053764
12.390195,2.0679255
12.432069,0.8816493
12.422576,1.3854218
12.423183,1.0707517
12.438824,0.49062112
12.461083,-1.5017197
12.481807,-2.147459
12.453761,-1.6388987
12.523431,-1.5426939
12.564129,0.2514697
12.584221,3.846401
12.714231,9.781723
12.736884,12.636266
12.280139,12.795137
12.422124,12.712325
12.573636,12.660673
8.272299,10.741138
7.202661,4.709752
12.456377,2.6417308
3.6663034,2.0516267
3.7670503,2.594096
-1.2389325,1.4177563
-13.221416,0.68732154
11.296624,10.615137
8.729716,11.380912
11.824239,11.53387
11.967003,11.764362
11.92918,11.769685
11.969955,11.760178
11.916877,11.672021
11.968145,11.7379465
11.944841,11.703169
11.961985,11.764961
11.938524,11.652743
11.936225,11.6712055
11.910025,11.643703
11.966231,11.7107
12.010287,11.769334
12.035337,11.828289
12.08685,11.924673
12.034627,11.923662
12.039681,12.017856
12.0219965,12.037735
12.181143,11.91472
12.261059,12.08788
12.321959,12.09146
12.316432,12.055111
12.365194,12.199744
12.274407,12.031303
12.38398,12.113524
12.434768,12.06671
12.324546,11.889614
12.393753,11.964086
12.364412,12.044473
12.379772,12.124688
12.52295,11.945187
12.536707,12.218989
12.551607,12.324304
12.489142,12.606009
12.554967,12.541737
12.610004,12.403772
12.665853,12.523835
12.701376,12.404606
12.755404,12.279519
12.868325,12.452574
12.832568,10.436391
12.936213,7.786797
12.892526,8.660852
12.921695,8.639674
12.901601,8.748959
12.975471,8.974201
13.178486,12.8910055
12.862207,12.998903
13.222908,11.338152
12.006302,4.464264
10.06949,0.70620984
9.608327,-1.8906567
10.00168,-3.6274426
11.446805,-1.531117
12.203234,-0.26929212
12.185384,0.33064264
12.235522,1.3395065
12.1819105,2.8019795
12.230717,4.5093627
12.377731,2.373261
12.435178,0.44015914
12.464745,0.32245135
12.45585,1.504142
12.443784,2.3915925
12.4797,5.5632954
12.47981,9.44623
12.497382,11.661275
12.475351,11.978551
12.506966,12.28492
12.458694,12.418443
12.507215,12.653166
12.546048,12.53935
12.58289,12.466629
12.685963,12.550252
12.749121,12.6238785
12.84725,12.805073
12.888726,12.865132
12.94482,12.61449
12.928764,12.544791
12.942947,12.167097
13.014178,12.003788
13.013735,12.336903
13.059735,12.781879
13.104968,13.035738
13.091209,12.931775
12.187385,12.248969
12.335688,12.329997
12.302134,10.398228
12.250132,7.9144416
12.17943,5.980345
12.30972,5.0442615
12.321151,4.664862
12.306438,4.6005116
12.288044,4.629048
12.264678,5.643483
12.246137,6.921538
12.321114,6.404883
12.371206,4.363974
12.468956,3.255698
12.486925,3.4286067
12.507178,3.0664332
12.543537,6.4907546
12.539361,10.919785
12.476289,11.709516
12.530086,11.974863
12.523411,12.239459
12.533878,12.544553
12.561057,12.233087
12.599759,12.383095
12.605076,12.43066
12.550909,12.172429
12.677528,11.760398
12.703366,8.114599
12.756017,6.363142
12.769542,3.767781
12.911525,1.7961174
12.913942,2.6481192
12.96832,3.9334626
12.998859,6.2952676
12.9600725,7.603379
13.156397,12.415804
13.012495,12.97636
13.205573,13.053575
10.004733,12.556937
12.372652,12.206899
12.166257,11.55618
12.214315,9.146271
12.233621,8.748161
12.326521,8.045394
12.367302,7.2107654
12.383606,7.980647
12.494794,-2.5989342
12.45784,-3.1407845
12.499519,-1.0254378
12.512808,2.797236
12.529836,8.332144
12.54831,11.930147
12.626839,12.551563
9.323775,12.891832
12.7796955,12.724899
12.802806,12.797866
12.840486,12.123115
12.936546,10.847063
13.07915,5.662456
13.082183,2.805535
13.220242,-0.51293474
13.27736,0.08919882
13.222351,-0.29541034
13.423163,-0.66235167
12.543307,0.23513393
12.602432,1.0241841
12.590378,2.4352276
12.564361,5.801946
12.498513,10.651885
12.450799,11.903505
12.244844,12.081875
11.947171,12.125579
12.246096,12.040521
12.324631,12.081788
12.389199,12.144878
12.429957,11.954088
12.436024,12.02551
12.379613,11.717621
12.4197235,11.693741
12.424759,10.687105
12.43271,10.307644
12.4559965,11.453209
12.476715,11.502992
12.426571,11.926144
12.453815,11.98472
12.510178,12.285788
12.467721,12.380346
12.357196,12.603459
12.564523,12.585686
12.664944,12.596262
12.700316,11.010993
12.750009,10.9867525
12.823879,7.7228203
12.844008,1.9152902
12.923652,1.3293035
12.99463,1.2422278
13.157327,0.46797764
13.203548,0.96962625
13.266856,1.2344275
13.246126,0.84323484
13.31546,0.5927507
13.408693,2.3139145
12.516896,4.3233294
12.471819,7.851945
12.410749,11.190994
12.280489,12.378597
12.309179,11.867764
12.33321,11.536204
12.35327,8.508777
12.295187,4.671209
11.673091,1.2166809
12.49541,-0.17470798
12.606622,-0.644499
12.65326,-0.25905365
12.629545,-0.27522916
12.603851,-0.6883622
12.547419,-0.72484
12.525551,-0.3541379
12.475911,-0.39658248
12.49968,-1.0302894
12.511054,-0.95750004
12.537232,-1.0876738
12.568213,-2.1312892
12.621493,-3.0156946
12.628775,-2.7731638
12.632785,-1.1815602
12.67575,1.0839438
12.707278,7.236312
12.740541,12.571599
12.304375,12.810532
12.92387,12.873445
13.083822,13.035688
13.158101,10.298327
13.138091,4.3143153
13.150738,0.7849428
13.273899,-0.10637162
13.239869,-0.92011285
13.345141,-1.2077422
12.590529,-2.8994942
12.627701,-2.8911185
12.673449,-2.5357296
12.748377,-1.387594
12.690281,1.5626509
12.607696,6.405841
12.542962,9.329199
12.473249,12.023403
12.471212,12.073576
12.635222,1.8773313
12.593808,1.924738
12.606545,1.2793995
12.519554,1.2823255
12.448673,1.5012978
12.4289,0.3805896
12.453543,-0.20625013
12.452318,-1.071842
12.509762,2.000785
12.545104,7.8489785
12.61111,12.013176
12.458645,12.766553
12.655343,12.699321
12.773717,11.269052
12.93169,7.4523826
12.97818,3.4689004
12.861264,0.8291616
12.744902,-0.51351255
13.028383,1.3564626
11.649948,1.16723
13.216561,0.76507455
13.159188,0.4254117
13.212837,-0.80421436
13.226997,-1.1731007
13.303455,-0.93651515
12.432116,-2.6183846
12.452939,-2.4656687
12.438664,-0.9376292
12.32874,4.7390027
12.267594,10.630298
12.115552,12.007599
11.955932,11.880992
11.760595,11.954234
11.70195,11.848264
12.353139,11.305468
12.309636,9.065471
12.301227,4.4502897
12.491057,2.5378525
12.455996,0.3133933
12.447442,0.4915526
12.422988,0.7495739
12.404509,-0.30352277
12.412976,-0.28333145
12.487272,-1.503919
12.543251,-2.119644
12.522252,-2.672296
12.510926,-2.8348372
12.565051,-2.9416413
12.671877,-3.5295126
12.818617,-2.9189823
12.858364,2.40587
12.885835,7.4327116
12.824489,12.368488
12.601134,12.915639
12.671802,12.97064
12.905922,12.025884
12.600664,7.735842
12.258237,4.9993777
10.572023,2.7521083
10.111802,0.88352275
13.2270975,1.2845389
12.048056,0.0020797802
12.458944,-0.4226047
12.52665,-0.79418516
12.553555,-0.35762653
12.524013,1.5694572
12.479324,1.8128517
12.434815,2.3194242
12.436477,1.0572932
12.351277,2.8169289
12.410717,4.7427816
12.456142,7.3695154
12.500736,7.2751827
12.568741,9.954779
12.499504,11.951589
12.418602,11.916356
12.426314,12.004808
12.509844,12.233551
12.542479,12.539581
12.42257,12.470976
12.410568,12.337966
12.4481125,12.36642
12.437231,12.373554
12.478917,12.232129
12.541692,12.237524
12.592666,12.327705
12.692055,12.271819
12.690144,9.613172
12.716232,9.105396
12.797195,10.855113
12.8263235,11.492204
12.938592,12.266829
12.924153,12.863059
13.010382,12.980126
12.989338,13.097901
13.195226,13.136374
13.338979,12.816312
13.407457,10.52699
13.479938,9.351065
12.529787,5.8821287
12.476065,3.3717508
12.388018,11.715675
12.378989,11.897588
12.460405,12.107879
12.504635,12.406899
12.504128,12.590068
12.561782,12.357927
12.589448,12.221871
12.635802,12.157495
12.655136,11.621134
12.721279,6.9285264
12.792979,2.9406393
12.844951,1.2174923
12.891659,1.9177811
12.901072,2.0174344
12.95735,1.4891222
12.947744,3.8402503
12.951467,5.124427
13.013124,8.197285
13.071464,8.919109
13.178123,11.67398
13.211088,12.842284
13.179738,13.046364
5.0933347,12.433429
12.210902,11.873128
12.392897,9.741741
12.351161,10.275848
12.327883,10.12918
12.270934,9.720199
12.302677,10.43398
12.30217,9.82665
12.259062,9.973918
12.395693,7.8736396
12.457568,5.543693
12.446735,3.5744493
12.433125,2.959569
12.460879,2.4960253
12.479103,3.9790735
12.514472,6.249742
12.468749,6.3985505
12.469215,8.253547
12.454934,11.386667
12.49456,12.052956
12.549838,12.455435
12.418458,12.719699
12.645877,12.432925
12.662233,12.546069
12.753255,12.573554
12.817456,12.625807
12.869442,12.1822815
12.811458,8.24775
12.859145,2.2095363
12.8701725,3.5395854
12.906354,2.3328607
12.993089,1.7799811
13.064765,3.4541914
13.082846,6.2285256
13.137637,8.130863
13.265785,12.077341
12.4026575,12.1001625
12.224053,12.209334
8.463603,12.524133
12.337223,12.129519
12.249073,11.844161
12.230787,11.805447
12.260317,9.726467
12.299978,9.2408085
12.250359,9.004077
12.305095,9.084883
12.300309,8.687091
12.354191,6.438011
12.4251,4.0588
12.426398,3.1408985
12.428099,2.3903997
12.42621,2.668621
12.401503,3.4458146
12.497535,5.475043
12.446879,6.841531
12.514651,8.80517
12.46167,11.538077
12.528383,12.300077
12.417035,12.491068
12.471665,12.314635
12.531428,12.377357
12.559845,12.239591
12.633671,10.448546
12.67886,6.054455
12.770866,1.0618199
12.780493,-0.8229237
12.864592,-3.1127605
12.831521,-2.189192
12.903429,-2.0978863
12.917625,-0.42009747
12.950452,0.75434077
13.055752,0.16519572
13.093864,5.29264
13.24127,10.293155
12.383746,12.016357
11.620575,12.236919
12.269669,10.4444895
12.255795,7.66427
12.293509,6.504788
12.476214,-3.3695025
12.423582,-3.3998861
12.347601,-0.4035478
12.369866,1.1824393
12.370112,3.8186355
12.396447,5.489083
12.38714,7.5737987
12.349437,10.438977
12.275363,11.745931
12.325975,11.767515
12.353503,11.864452
12.551555,12.045414
12.747471,12.210554
12.758982,12.312891
12.751183,12.477442
11.2161665,12.654688
12.764759,11.21045
12.686694,12.364042
12.608711,12.509186
12.557124,12.419924
12.568901,12.086377
12.610691,12.114007
12.612815,12.027239
12.624256,12.046933
12.711976,12.1906395
12.789663,12.347335
12.816419,12.521936
12.723003,12.552948
12.859966,12.835477
12.298681,12.995123
13.06199,13.067589
13.029947,12.178167
13.085614,9.931553
13.193708,6.2066603
13.209672,2.0431077
13.223584,-0.8378999
12.208364,-3.4871826
12.169559,-3.3133802
12.178666,-3.0589542
12.428657,-3.064848
12.393547,-1.0298939
12.329129,1.2959578
12.303534,3.3260484
12.273953,7.0925326
12.251449,9.879714
12.243454,11.475599
12.271435,11.9418745
12.255124,11.953173
12.30353,12.173443
12.298873,12.314189
12.203278,12.155711
12.264558,12.246026
12.15488,12.1118145
12.205665,12.003233
12.201569,11.862159
12.214317,11.368632
12.259741,10.601374
12.291665,9.851119
12.307642,9.230357
12.324583,10.420553
12.343019,9.809689
12.407358,10.238859
12.427113,12.181105
12.396114,12.501785
12.366276,12.01012
11.329376,9.7732115
12.339776,6.897786
12.622143,4.624138
12.621741,2.8915286
12.51406,2.3305109
12.544809,0.3027986
12.494608,-0.5814247
11.695415,-1.6330016
11.7904415,-0.7405828
11.801589,0.42222145
11.830801,1.0184073
11.890107,4.6060987
11.944152,6.8790655
11.871391,8.872404
11.842859,11.043834
11.855302,11.68452
11.813825,11.541001
11.898028,11.529564
11.934294,11.366597
11.990462,11.40755
12.087247,11.519285
12.144186,11.75167
12.273623,11.880821
12.304253,12.085082
12.246361,12.195219
11.562821,12.1187935
12.217123,11.183387
12.084316,11.9375305
12.045766,11.952868
12.091339,11.953585
12.075104,12.003554
12.155814,11.960679
12.190794,11.963085
12.193733,12.0432625
12.279975,12.151632
12.296829,12.271136
13.072629,12.035869
13.005073,9.415807
12.182884,3.6521587
12.228116,1.8273388
12.261268,1.2883707
12.220421,0.9966478
12.17947,3.935156
12.154252,5.133975
12.233995,5.7650127
12.239554,5.3487377
12.196976,4.3896894
12.286852,3.1156485
12.297869,0.9062891
12.313255,0.14044502
12.411495,0.72153753
12.400449,1.628714
12.341793,3.0582368
12.323354,3.8956814
12.354363,6.627661
12.431716,11.16282
12.382537,11.87285
12.458459,12.255924
12.542738,12.617478
12.52483,12.207472
12.555047,12.027892
12.60663,11.578211
12.639683,10.397292
12.620015,7.4006367
12.713827,4.809341
12.712919,1.0470579
12.710189,-0.7092543
12.728618,-0.34342095
12.72616,-0.69676787
12.736313,-0.13048057
12.781591,-1.28373
12.8455715,1.5837235
12.855619,4.493696
12.987031,10.640059
12.102406,11.64143
12.157971,12.105736
9.004963,12.173973
12.028259,12.148101
12.017043,12.072409
11.9382105,11.778767
12.027016,11.572885
12.007011,10.155049
12.140029,8.268029
12.078694,8.074334
12.027146,8.521219
12.018645,6.752902
12.075744,8.27078
12.073678,9.527534
12.0680275,10.529301
12.124073,10.851853
12.123637,11.580926
12.223856,11.996772
12.221682,11.963048
12.203954,12.192734
12.217309,12.307446
12.286611,12.040586
12.320393,12.104237
12.328281,12.037237
12.334092,11.287999
12.412181,7.62464
12.423986,5.0272617
12.508777,2.233634
12.566128,1.7097807
12.630992,0.59867656
12.635031,2.8988726
12.69055,4.8261337
12.724979,3.4403408
12.765206,6.0487566
12.770784,11.026064
12.721511,12.609767
12.658202,12.737275
12.930525,12.526968
12.016193,9.747143
11.963416,4.9071608
11.99999,0.61020374
12.048525,-0.42708236
12.110356,1.0306175
12.126183,0.9291298
12.158647,-1.3844694
12.14261,-0.5937667
12.202803,-1.7830445
12.234602,-2.1218886
12.251267,-0.9813112
12.299453,-0.18560927
12.323285,-0.9078598
12.277811,-0.7062192
12.2381525,-0.793967
12.228359,0.24770111
12.312249,-0.10820893
12.366871,-1.7932202
12.422934,-0.88241273
12.40513,1.7631068
12.388536,5.0851626
12.397491,9.4762945
12.431456,11.977237
12.407809,12.211607
11.626791,12.387607
11.931299,11.986256
11.87651,8.761169
11.623073,3.3450978
10.394357,0.76721627
11.976175,0.17013954
11.393208,-0.92838156
12.135044,-1.4192903
12.1090555,-1.2874763
12.15146,-0.39370012
12.175534,-0.5372038
12.239921,-1.238658
11.03156,-1.710352
12.112431,-2.130589
12.085618,-2.7235699
11.97891,-3.055435
12.273867,-4.0727477
12.287267,-4.5297813
12.299747,-5.0659156
12.445678,-4.6926837
12.483926,-2.5046358
12.44022,4.1345487
12.412024,10.869638
12.413849,12.2901535
12.296757,12.570208
12.485421,12.40436
12.612645,11.911319
12.654596,7.9917874
12.675107,3.217737
11.857692,0.01496762
11.885454,0.081113696
11.918434,-0.23895495
11.986456,0.98786575
11.9900255,3.8114893
12.035951,6.4771686
12.045815,8.604359
12.003302,10.804168
11.98429,11.048991
12.040572,11.492482
12.030712,11.705501
11.998479,11.495067
11.985646,11.563971
12.013339,11.561694
12.140893,11.782185
12.128292,12.094201
12.162322,12.247378
12.132164,12.193074
12.164627,12.067586
12.259677,12.06671
12.334505,11.954952
12.36917,12.040991
12.481522,12.034279
12.5246725,11.806292
12.525525,11.696599
12.609834,11.18716
12.61386,9.50535
12.637844,10.922973
12.63401,11.1885605
12.624164,12.056453
12.664373,12.231995
12.605777,12.421105
12.621589,12.547225
12.459301,12.649772
12.736992,12.680942
12.7122555,12.597042
12.821662,9.942087
12.887686,9.6189785
12.013493,7.24312
11.976324,3.7395766
12.024077,3.5805686
12.085022,2.9885073
12.078266,5.07438
12.118645,6.7929606
12.166788,7.3370166
12.191637,8.814223
12.238788,7.633753
12.294082,7.1791763
12.352972,6.627965
12.403421,6.5957847
12.389543,8.515811
12.459197,9.512294
12.405241,10.3349285
12.495792,11.511194
12.522189,11.92955
12.549203,12.332829
12.622873,12.479956
12.635565,12.586841
12.620054,12.615736
8.991648,12.717378
12.537594,11.688505
12.481737,12.269035
12.627457,12.122562
12.676344,12.409294
12.776702,12.63771
12.739504,12.674213
12.816961,12.685773
12.923313,12.890481
12.968405,12.884355
12.977103,12.897559
12.983965,12.749667
12.973898,12.89541
12.841636,12.955286
12.630705,5.817047
12.68029,5.567208
12.690934,6.8149347
12.69481,8.233565
12.756247,11.237334
12.851381,12.6300335
12.76644,12.804135
12.847202,12.722279
12.878349,10.849536
12.929876,7.208808
12.911816,3.3309512
12.979948,0.8353441
12.908089,1.7214383
12.8916235,0.51994705
12.858216,-0.7482837
12.885775,0.95007133
12.950888,2.0507104
12.969267,0.40721947
13.011812,0.9509923
13.093925,2.0736787
12.244416,2.7909882
12.188153,5.7587223
12.261511,10.058206
12.264727,12.082545
12.1261425,12.2026615
12.248067,12.172636
12.246441,11.792105
12.213394,9.112485
12.226172,5.3958044
12.24313,1.7215301
12.284717,1.9260385
12.304704,1.9888934
12.347004,1.7690845
12.344305,0.9020745
12.33844,0.3936458
12.360557,0.41959387
12.430903,-0.258257
12.4482,-0.56525683
12.513364,-1.4446789
12.465074,-2.1037078
12.47375,-1.689097
12.509164,-2.4020324
12.453132,-2.3757496
12.514999,-0.89514065
12.48822,5.0983663
12.57715,11.6533985
12.642062,12.35642
12.476716,12.603759
12.584978,12.508951
12.6486435,12.455702
12.716099,6.133325
12.803199,3.342135
12.910981,1.6678338
12.926077,0.74665564
13.038386,1.5698413
13.01232,1.4338286
12.134731,3.0152307
12.186765,3.3224537
12.186226,5.191791
12.190883,8.136834
12.188785,11.897219
12.170151,12.140532
12.191726,12.177961
12.138958,12.25251
12.102476,11.706673
12.016815,10.463816
12.084656,7.687439
12.047497,4.3903723
12.129238,3.0908954
12.1618,2.211679
12.198073,1.614934
12.22218,1.1280805
12.188506,0.5659446
12.241069,0.28697038
12.30297,-0.2698335
12.314744,-0.46809164
12.382051,-0.79471856
12.40482,-2.0025384
12.457337,-1.3869443
12.451966,-1.9883248
12.522466,-0.6812096
12.527844,4.557994
12.460268,8.429407
12.566476,12.321708
12.595196,12.499082
12.394084,12.575393
12.627897,12.46433
12.643469,12.477672
12.7225275,11.167587
12.743865,7.363368
12.825969,3.530368
12.783613,2.8876784
12.91426,3.306272
12.973958,3.3642337
12.147433,3.1525972
12.214233,3.5135636
12.195527,7.5738635
12.246847,10.720207
12.244673,12.053032
12.265043,12.081823
12.242592,12.103977
11.941604,11.949119
11.95016,11.910066
12.011497,11.758113
12.033555,10.656027
12.128789,7.8812156
12.277066,3.589409
12.301886,3.8858948
12.349494,3.7823908
12.431303,3.5904434
12.437403,4.2378097
12.476147,5.0684004
12.507073,4.6711516
12.607622,4.315726
12.706467,4.0355897
12.768048,4.428529
12.805968,4.89417
12.896696,5.391936
12.89146,7.6776595
12.840874,11.004625
12.785771,12.487227
12.661498,12.766664
12.750249,12.669225
12.740978,12.345588
12.738929,9.452041
12.750141,6.9057484
12.8089285,2.9966707
12.793073,1.0246065
12.833755,0.20608194
12.859776,1.5145105
12.853637,-0.015398158
12.867308,0.09888299
12.870459,1.262862
13.032894,2.93226
13.085013,3.6122856
13.1033745,7.407731
12.235436,10.65682
12.271392,12.048592
12.342698,12.230196
12.039253,12.419719
12.321425,12.148665
12.427088,11.964212
12.464729,11.107235
12.514497,10.378497
12.60719,4.5129976
12.609645,4.0137677
12.553284,5.0816126
12.5822315,4.616785
12.589801,3.8338728
12.658563,4.0471444
12.640299,4.106369
12.653194,4.7569017
12.627002,3.5273654
12.64189,2.341111
12.658698,1.4568535
12.654244,3.0018785
12.65415,6.872993
12.667868,10.632947
12.66489,12.474879
12.388991,12.707913
12.704177,12.706738
12.701388,12.288067
12.779969,9.224772
12.8677025,4.547964
12.829572,2.9270315
12.794387,2.9673364
12.902789,-0.22225429
12.979215,0.64990133
12.936869,1.3351306
13.044013,1.3833114
13.138683,-0.4607059
13.205168,0.20540449
12.334786,-0.080734074
12.330711,0.7822675
12.272728,2.4237037
12.313517,5.963647
12.325529,11.767152
12.339913,12.133828
12.225536,12.244943
12.434461,11.325049
12.551408,7.0274906
12.545862,3.0538144
12.621008,0.6668172
12.634547,0.42037368
12.687201,1.2036679
12.740204,1.6839162
12.717517,1.6160983
12.718797,1.5751524
12.725602,2.1626835
12.785892,2.295052
12.839266,1.7665329
12.768682,0.58866864
12.766524,-0.4740077
12.717259,-1.0146779
12.737817,-0.99975634
12.768762,-1.6261123
12.763057,-1.8261217
12.80738,-3.0550652
12.802818,-4.7830944
12.800091,-1.9975122
12.82581,3.4796422
12.865865,9.637973
12.671546,12.51208
12.674276,12.541781
12.731262,11.9466715
12.707072,8.887998
12.739502,4.9398108
12.759286,1.4216557
12.775416,1.1663055
12.784978,0.29357755
12.807478,-1.180639
12.905889,0.89904636
12.939464,3.5115302
13.070148,2.7857008
13.1663475,4.5600996
13.139956,9.55016
13.175178,12.776096
13.236825,13.063365
13.161706,13.219745
12.45071,12.357264
12.33636,11.873245
12.411572,10.023228
12.401754,7.6318636
12.40845,4.489587
12.396816,4.5224676
12.463972,3.4959219
12.484825,3.9484425
12.461974,3.1030815
12.463114,2.2830713
12.467839,2.283341
12.466619,1.5472895
12.458445,0.7137591
12.446645,1.2972457
12.44683,1.5300152
12.388967,2.1674826
12.383759,3.7919328
12.289475,5.9673495
12.344756,10.184928
12.437358,12.10132
12.388645,12.260959
12.291021,12.583667
12.513259,12.37313
12.544711,11.95343
12.5729475,10.173503
12.564762,10.019328
12.6332855,4.627102
12.717659,1.2528263
12.748527,2.2975705
12.796192,1.3701886
12.855127,0.9910414
12.858411,1.4693658
12.842851,2.6507123
12.864465,4.5259104
12.914993,6.7438593
12.928944,9.729622
12.056134,11.315346
12.129404,11.9780245
12.02974,12.104037
12.034519,12.087046
12.080151,11.861985
12.127399,10.514174
12.147107,7.0776563
12.150416,3.8187258
12.238496,0.122993976
12.228978,-0.72577983
12.279348,-0.42023262
12.304242,-1.4825828
12.316133,-1.2054174
12.330903,-0.7838641
12.278882,-0.5931925
12.275049,-0.20928974
12.303106,0.02032445
12.30486,-0.34832683
12.295027,-0.67066205
12.314633,-0.3504165
12.243066,-1.2563481
12.219068,-3.0474424
12.276774,-3.500707
12.329291,-0.27634954
12.366704,3.2649949
12.474957,7.505947
12.534028,11.632151
12.602774,12.515599
11.373746,12.642646
12.603262,12.605999
12.7190275,12.657549
12.7541685,11.346991
12.850278,6.901949
12.89712,-0.1500948
12.932183,-3.5221395
12.9880905,-2.9609516
13.083772,-2.4173052
13.121019,-2.881477
12.183143,-2.8025706
12.239337,-2.0957289
12.25504,-0.15036316
12.22254,1.7144679
12.202362,7.021603
12.244454,10.681281
12.247815,11.449768
12.297282,12.0225115
12.284066,12.177209
12.287344,11.985316
